Webots Project File version R2019a
perspectives: 000000ff00000000fd00000003000000000000032000000505fc0100000002fb0000001e00480074006d006c0052006f0062006f007400570069006e0064006f00770000000000000003200000000000000000fb0000001a0044006f00630075006d0065006e0074006100740069006f006e0000000000ffffffff0000006900ffffff00000001000001f100000373fc0200000001fb0000001400540065007800740045006400690074006f0072010000001f000003730000008a00ffffff0000000300000a0000000190fc0100000001fb0000000e0043006f006e0073006f006c0065010000000000000a000000006900ffffff0000080d0000037300000001000000020000000100000008fc00000000
simulationViewPerspectives: 000000ff0000000100000002000001b00000049a0100000002010000000100
sceneTreePerspectives: 000000ff0000000100000002000000c0000000fa0100000002010000000200
maximizedDockId: -1
centralWidgetVisible: 1
selectionDisabled: 0
viewpointLocked: 0
orthographicViewHeight: 1
textFiles: 4 "controllers/base_controller/base_controller.cpp" "controllers/base_controller/Dijkstra.hpp" "controllers/base_controller/Mapping.hpp" "controllers/base_controller/MyRobot.cpp" "controllers/base_controller/MyRobot.h"
renderingDevicePerspectives: Pioneer 2:camera_f;1;0.6625;0.0196078;0.0147511
renderingDevicePerspectives: Pioneer 2:camera_s;1;0.99375;0.0102111;0.275574
